 0.55000 0.10833 0.33333 0.32500 0.31667 0.33333 0.28333 0.30833 0.32500 0.34167 0.30000 0.31667 0.35833 0.30833 0.28333 0.32500 0.32500 0.33333 0.35000 0.29167
 0.10833 0.56667 0.33333 0.33333 0.34167 0.31667 0.38333 0.35833 0.33333 0.32500 0.35833 0.35000 0.31667 0.37500 0.35833 0.32500 0.35000 0.37500 0.31667 0.36667
 0.33333 0.33333 0.56667 0.37500 0.44167 0.47500 0.47500 0.49167 0.48333 0.48333 0.45000 0.50833 0.46667 0.47500 0.43333 0.46667 0.45833 0.48333 0.42500 0.46667
 0.32500 0.33333 0.37500 0.55000 0.43333 0.46667 0.48333 0.39167 0.42500 0.47500 0.45833 0.38333 0.46667 0.49167 0.41667 0.45000 0.50833 0.49167 0.48333 0.42500
 0.31667 0.34167 0.44167 0.43333 0.63333 0.43333 0.43333 0.50833 0.50000 0.51667 0.50833 0.50833 0.48333 0.55000 0.57500 0.54167 0.55833 0.55000 0.55000 0.52500
 0.33333 0.31667 0.47500 0.46667 0.43333 0.70000 0.51667 0.43333 0.58333 0.62500 0.55000 0.45833 0.61667 0.58333 0.37500 0.44167 0.55833 0.58333 0.45000 0.48333
 0.28333 0.38333 0.47500 0.48333 0.43333 0.51667 0.66667 0.45000 0.45833 0.50833 0.47500 0.43333 0.45833 0.52500 0.39167 0.50833 0.50833 0.52500 0.49167 0.45833
 0.30833 0.35833 0.49167 0.39167 0.50833 0.43333 0.45000 0.66667 0.52500 0.44167 0.51667 0.61667 0.47500 0.52500 0.54167 0.50000 0.51667 0.53333 0.55000 0.53333
 0.32500 0.33333 0.48333 0.42500 0.50000 0.58333 0.45833 0.52500 0.73333 0.54167 0.57500 0.60833 0.55000 0.59167 0.45833 0.45000 0.58333 0.57500 0.48333 0.50000
 0.34167 0.32500 0.48333 0.47500 0.51667 0.62500 0.50833 0.44167 0.54167 0.78333 0.55000 0.45833 0.65000 0.64167 0.43333 0.53333 0.65000 0.65000 0.52500 0.47500
 0.30000 0.35833 0.45000 0.45833 0.50833 0.55000 0.47500 0.51667 0.57500 0.55000 0.68333 0.55000 0.61667 0.65000 0.48333 0.47500 0.65000 0.65000 0.53333 0.57500
 0.31667 0.35000 0.50833 0.38333 0.50833 0.45833 0.43333 0.61667 0.60833 0.45833 0.55000 0.75000 0.51667 0.57500 0.61667 0.54167 0.56667 0.53333 0.55833 0.58333
 0.35833 0.31667 0.46667 0.46667 0.48333 0.61667 0.45833 0.47500 0.55000 0.65000 0.61667 0.51667 0.78333 0.66667 0.47500 0.50833 0.69167 0.71667 0.55833 0.58333
 0.30833 0.37500 0.47500 0.49167 0.55000 0.58333 0.52500 0.52500 0.59167 0.64167 0.65000 0.57500 0.66667 0.80000 0.50833 0.55000 0.77500 0.75000 0.61667 0.60833
 0.28333 0.35833 0.43333 0.41667 0.57500 0.37500 0.39167 0.54167 0.45833 0.43333 0.48333 0.61667 0.47500 0.50833 0.78333 0.61667 0.54167 0.47500 0.60833 0.61667
 0.32500 0.32500 0.46667 0.45000 0.54167 0.44167 0.50833 0.50000 0.45000 0.53333 0.47500 0.54167 0.50833 0.55000 0.61667 0.71667 0.59167 0.51667 0.64167 0.54167
 0.32500 0.35000 0.45833 0.50833 0.55833 0.55833 0.50833 0.51667 0.58333 0.65000 0.65000 0.56667 0.69167 0.77500 0.54167 0.59167 0.83333 0.71667 0.65000 0.59167
 0.33333 0.37500 0.48333 0.49167 0.55000 0.58333 0.52500 0.53333 0.57500 0.65000 0.65000 0.53333 0.71667 0.75000 0.47500 0.51667 0.71667 0.85000 0.59167 0.64167
 0.35000 0.31667 0.42500 0.48333 0.55000 0.45000 0.49167 0.55000 0.48333 0.52500 0.53333 0.55833 0.55833 0.61667 0.60833 0.64167 0.65000 0.59167 0.75000 0.55833
 0.29167 0.36667 0.46667 0.42500 0.52500 0.48333 0.45833 0.53333 0.50000 0.47500 0.57500 0.58333 0.58333 0.60833 0.61667 0.54167 0.59167 0.64167 0.55833 0.71667
